3576
154
3968
2284
4986
3266
2049
3564
4959
3297
3213
2949
4830
3823
2773
454
4522
4571
3329
3757
659
4824
1284
3521
1268
45
844
4066
1964
2051
654
3639
246
2815
1989
4796
3191
3360
4943
2967
3247
172
1650
2624
3546
1428
1292
1180
587
4275
2458
384
3890
84
1372
1529
2968
814
701
2753
1521
3038
2321
3478
845
2745
3524
4322
88
4416
1032
1155
2783
536
2711
3071
2662
2779
2392
1692
3259
4635
1189
2908
3037
2117
2981
2584
3586
3024
2830
3771
258
331
4595
1849
4391
2726
3255
3788
2116
1245
2799
1477
4565
4311
3393
1571
3001
1447
1965
3880
2720
4768
3835
4131
3323
3351
4087
1291
4006
4414
3929
309
760
3829
3383
1722
2696
831
1348
1621
3655
2391
1952
1902
3858
482
1213
1263
2122
3591
2400
1802
1130
1532
1820
4921
2131
2393
973
2366
617
1024
325
1984
3009
972
2535
931
3607
3780
4974
2836
3254
356
1000
1605
454
2857
144
1924
2870
3093
4025
1967
1119
4603
4163
1026
4777
2653
4282
4772
3323
576
4072
3614
2279
2463
4817
2515
675
2145
4306
2969
3941
1792
32
1571
1503
1622
4876
1877
2464
428
1845
4884
3392
1658
2524
424
3815
494
2459
4336
3287
2105
3071
2589
955
2355
555
4161
3460
2174
4299
3989
3916
1663
25
2692
393
4110
18
2205
2045
3574
2629
1638
675
3846
2107
1267
1729
1791
4683
4777
2927
123
3500
4145
2264
2106
24
3522
3968
90
28
4511
4545
2457
501
1963
1724
1985
1151
4183
1448
53
1676
1405
2543
1677
894
1285
4848
2708
1488
1080
2116
4411
2739
4414
1789
3363
201
2559
185
4158
3118
2614
4051
2280
177
4397
4646
2332
1382
4233
1822
1007
1176
4853
369
280
966
3935
4194
3049
1966
3339
4873
4360
225
1291
270
4726
1191
3985
1346
698
4120
1176
809
1542
1346
3666
294
3701
662
3325
3168
179
1698
4407
2909
1298
3690
3933
4844
1115
4501
2644
2553
4232
3477
4599
4493
1090
4090
1744
1472
544
2969
3745
1797
2997
4947
3143
187
761
2673
3608
572
3543
42
386
1711
3250
3774
767
4314
1462
3234
3598
3993
2980
4991
566
3020
4568
830
2655
1094
1145
4546
2631
355
4438
3751
2132
3435
2111
4725
4481
3348
528
3151
3401
620
4971
1944
354
1847
1541
2442
3023
3625
3218
3146
4648
2597
397
2840
4484
1708
4205
4410
816
3476
2978
1229
1042
4063
573
3214
887
501
1508
2457
2631
793
526
796
3534
2242
5
503
1144
3617
4742
2513
3136
1810
2018
2545
1956
3953
4482
1924
1025
4325
537
2081
3512
1511
3093
3241
2205
4094
2500
4056
4801
2126
2743
4674
3012
4760
1597
1458
4885
745
1907
797
3650
112
3234
1985
328
1761
4440
4171
4235
3682
1516
4600
723
1255
1358
2031
4293
707
4908
3396
1052
3954
4683
3549
3282
1259
1626
4095
3347
3147
4385
3715
644
2611
1616
4187
2539
1443
1838
511
2100
152
4303
4161
4108
1012
3477
4739
4745
801
4843
4329
1591
4324
3877
617
3705
2316
3483
3077
914
1273
1791
3902
644
4642
3046
2288
4761
532
2855
2904
281
2516
2884
2307
564
4346
231
4669
130
4398
3958
4148
3839
2298
4193
3066
4022
3824
1364
1671
1167
4243
4611
3586
1038
4782
2844
2008
1445
3945
3769
121
1310
870
3817
4346
1061
3713
3840
580
2613
1756
2246
1820
3911
3843
785
2092
2408
37
3642
1840
444
2792
2225
4526
61
3484
2167
659
1382
4583
795
4792
669
3430
23
4014
1447
4760
2774
702
638
4726
1122
2207
1040
2819
3197
4078
2117
3304
302
3849
3944
1165
4616
2958
2402
3405
1529
3961
38
956
4077
1959
4781
2431
841
2798
495
3820
4069
2773
442
3429
2621
1115
2956
4940
2798
4802
4507
1123
3941
626
348
1440
4105
1715
709
1261
4915
851
1748
156
700
1080
450
4162
3918
2859
679
2596
224
395
4868
2149
3873
3075
4526
4531
3050
731
1284
3709
449
3084
3667
650
2228
2131
3013
3996
162
3712
2865
1943
1312
2766
4128
3473
4201
4547
1279
4574
2463
4254
1860
229
1781
1198
2025
1863
2028
4789
418
3579
4406
4598
372
330
3399
3966
3984
3254
1922
3685
4473
563
1609
1597
346
2964
4220
1357
4746
2701
2027
3827
2859
2192
3048
1762
4514
4445
1636
80
981
968
4164
598
1691
637
816
2189
3865
611
70
551
2821
282
666
3422
1949
1328
2639
397
1557
1176
1146
4474
4740
4638
2871
4404
3797
3668
4903
2532
1736
4172
1642
1681
3856
4814
283
3549
1858
3199
2447
1135
238
2205
51
2522
3341
4073
3776
842
1624
4663
4644
946
3112
4123
2520
4131
2915
4161
3298
883
2406
1045
651
711
3771
4997
1282
550
4187
1864
2742
10
2237
731
3862
16
21
4253
3949
4976
2665
4006
937
4210
914
3589
4737
3923
2696
278
3491
4132
168
712
2863
3115
3538
443
1589
2050
1391
4078
942
777
1026
3281
3090
1290
3943
1177
854
2217
2524
3735
2491
835
3386
2398
2409
3861
1771
3300
76
1324
582
1679
223
2631
711
2101
3814
1814
1429
1799
3920
2791
3736
4986
2974
4058
1728
1441
4143
3957
199
2856
2452
1925
1573
520
3285
2607
2629
3605
3344
267
3222
2316
2395
2328
1502
3684
2800
148
4645
1679
983
3874
3218
1103
4068
127
459
4181
1451
2011
1980
4204
3660
154
413
3413
3592
410
1154
3637
1788
348
2274
1497
2417
2852
310
1466
1798
3783
471
532
79
4298
3554
1077
157
177
3637
3324
2900
183
3388
2071
1750
1659
3912
1593
4995
2697
960
224
279
4597
4750
2461
2937
3868
3674
2960
1799
4475
2740
3466
3136
4682
4908
3035
3101
1956
343
1375
525
52
1210
