3117
120
2026
2282
4203
2344
4197
4314
3855
4202
1204
4967
4499
2014
4285
507
1337
2976
3664
3238
3899
1759
2858
3201
3154
1877
4734
1000
1625
3136
3387
4097
1292
4019
2885
738
4289
4284
832
1912
2151
1372
3162
288
1878
4258
1773
2239
3232
3106
2927
2993
2977
2630
3600
360
4264
2325
2264
494
48
2104
4217
2941
1342
2828
2601
4278
4919
4633
2543
4877
768
407
4449
708
3598
2743
3469
3336
4968
3005
3126
2361
4105
3431
4784
2661
4400
4897
4958
1324
2654
3391
3239
4619
2695
1293
3727
1290
2892
3739
3705
2661
1189
86
113
3784
4561
2548
1825
632
3578
4337
4938
493
2020
816
175
2403
376
601
1271
1049
3712
341
366
4133
2474
2000
2027
1312
1521
1574
3748
705
4120
4672
2984
388
3957
1624
637
2711
2777
2474
417
2920
4707
4095
410
3246
3245
3524
4673
4512
525
394
4375
4995
28
4804
2895
4512
2149
4563
695
4956
4684
4252
2619
948
3696
759
576
729
4953
1190
637
1719
2967
2627
1975
1932
538
4569
3623
1427
2476
3494
3681
2600
1226
1559
4225
4907
3989
1836
3625
4637
3681
4223
1956
4372
325
3647
2415
3781
1144
2429
2692
4786
3688
4462
1018
2244
4080
239
2478
4009
1054
3832
4789
3985
2270
4457
4536
1949
2767
2198
3386
4788
2136
4630
958
2405
662
79
3344
455
4231
4226
4196
347
1391
2266
1094
4609
4433
2283
3616
3060
4793
4474
772
1238
1271
611
1623
3236
3309
1683
3377
2687
3157
3650
2987
422
1850
11
58
1155
2816
3935
2989
1728
3789
1113
3999
1787
3232
2721
4990
3250
4889
1260
361
3903
1658
2844
3543
1134
3541
4525
2737
2812
4689
386
1377
2207
3581
3746
3777
992
2085
2291
4038
4123
4458
866
4533
3112
3062
4094
3574
1536
4274
4573
2894
2425
3647
271
128
2911
3364
2630
2220
4832
2500
266
4594
1479
1277
4772
2355
3144
3041
177
1005
3100
681
120
1885
2764
772
4248
3922
4177
892
4474
3038
2051
1401
1544
2141
4774
1092
2538
2781
1915
3219
2449
4902
2386
1980
3394
3690
167
3427
2606
4083
398
1938
4808
4328
2502
2476
3662
4398
1342
602
1078
1059
993
2010
4961
336
3805
4143
4197
2161
3203
3758
4837
4379
4686
1819
4801
1545
461
2856
172
2809
4692
3580
1835
13
198
856
1767
3837
4073
1352
364
2864
1992
4933
3029
4251
1492
1766
4850
4712
165
1408
1629
4450
2894
2957
851
4741
924
4397
2722
1303
2897
2600
901
3055
1297
818
1956
2014
1546
3751
2566
2365
504
577
1166
4125
700
4937
571
2541
642
1153
3555
450
2795
2954
3663
4608
2689
1227
4567
4704
4958
661
3749
4573
4078
3697
4978
1160
379
2293
3047
384
3066
3165
344
4319
3392
2987
601
425
4996
2207
1199
3478
2474
1303
3789
2886
4260
2956
2848
354
3878
383
2456
4950
4919
4821
3718
683
3615
1831
2834
256
4603
2762
1792
2788
4707
4165
811
1734
2893
925
4227
4679
3945
1000
2877
2875
3603
2335
352
4857
4550
4203
2506
4495
3740
2527
4267
7
4449
4
2799
905
3281
963
625
1210
3102
9
266
1446
1009
3150
781
3252
3748
831
3219
2821
3462
1330
2952
668
4276
3553
4312
1265
3381
3780
4856
2841
2247
3690
2805
2465
1383
1353
1548
240
3308
4807
2444
3309
1702
956
1320
1905
3227
4449
3876
4309
2483
4641
3574
3779
2402
1156
4834
2576
2619
1863
2854
1346
70
1180
2730
4982
1050
3943
1706
728
3275
4182
492
4714
4603
1736
3775
4572
1319
1951
2525
2281
4803
4072
2553
1858
1020
1338
4387
2464
194
1506
3449
2871
1270
1294
3144
2587
1649
1685
2079
686
3392
1988
2130
1958
2156
4304
3467
1266
2010
4694
4732
357
2815
2096
673
4339
414
1680
3263
1979
3088
1704
3729
2220
1434
227
4941
2522
548
3339
1943
824
2007
4555
3292
2814
2787
1815
789
195
1092
2314
725
182
4869
968
3591
3573
2022
8
303
2501
4590
2753
2591
17
3163
1025
713
4943
3130
1661
1260
836
4984
3573
1714
735
2708
3981
3970
4085
4647
56
3419
1611
3765
4274
1345
3550
4378
2777
3356
1286
1373
3573
2808
55
3897
2175
2056
3730
3914
4710
3745
1034
2185
2765
3643
4595
45
287
4291
1710
605
3917
2505
3988
255
3477
3606
1060
3339
2277
2551
4711
591
649
3016
3457
4806
1213
4871
4841
678
391
2334
2107
2363
2904
1430
3291
285
3947
3150
369
4728
2812
3231
3887
3721
2133
3264
1279
2058
2301
1043
1153
3997
172
2779
3190
341
1286
1748
4522
301
893
1784
4305
2064
1237
4765
2340
213
4790
119
3584
4660
1832
3101
3015
2646
2489
4602
1637
1400
1778
670
3009
4379
1804
4025
2463
75
1511
4090
1217
4
2747
4822
2988
865
2468
4036
2114
2544
1424
2236
4759
3099
4850
4120
1436
1617
2988
4487
417
720
660
3547
4820
4320
4493
3187
3264
1454
4738
4586
4090
4069
860
4288
1281
919
1779
1407
3686
4970
862
3750
4573
2266
306
4098
2409
2528
1686
4925
1866
2618
2911
3635
2316
2906
3282
2717
1311
4280
2044
4711
272
4806
1696
1736
3173
3155
3560
2554
1842
1060
974
562
4347
2495
4848
1198
1086
2395
1730
1863
3660
3598
4676
1561
2541
3825
4640
3825
1519
801
2851
4033
464
767
2518
3800
813
83
1862
1742
4560
2638
4474
3424
3994
965
1029
465
4829
2039
3065
1818
4181
1396
1633
1183
1687
1725
790
2152
2512
1921
1475
2177
3581
4204
1242
643
1920
4724
1568
4860
3500
3421
4885
4608
397
4248
2304
68
308
4944
1807
363
610
4357
1213
1485
777
2037
2781
1733
2794
4944
1995
2355
4997
2247
264
4465
2022
1986
1282
3190
339
1200
